trialnum	subject	basicShape	numObjects	speed	initialDirRing0	orderCorrect	trialDurTotal	numTargets	whichIsTargetEachRing0	whichIsTargetEachRing1	whichIsTargetEachRing2	ringToQuery	Direction0	Direction1	Direction2	respAdj0	respAdj1	respAdj2	rev0_0	rev0_1	rev0_2	rev0_3	rev1_0	rev1_1	rev1_2	rev1_3	rev2_0	rev2_1	rev2_2	rev2_3	timingBlips
0	yu1	circle	4	0.3	1	0 	 2.181180014813204 	 3 	 0.0	3.0	0.0	1	1	-1	-1	-999	1.0	-999	2.4817 	-999	-999	-999	2.0325 	3.4921 	-999	-999	2.3699 	-999	-999	-999	57
1	yu1	circle	8	0.7	1	0 	 2.737938254516216 	 3 	 4.0	0.0	5.0	1	1	-1	-1	-999	1.0	-999	1.8257 	3.2545 	-999	-999	1.941 	2.6233 	3.505 	-999	1.7561 	2.483 	3.9391 	-999	150
2	yu1	circle	4	0.5	-1	0 	 2.656580474847068 	 3 	 3.0	0.0	3.0	1	-1	1	-1	-999	-2.0	-999	1.8541 	2.7139 	3.5213 	-999	1.507 	2.9703 	-999	-999	1.6396 	2.8583 	-999	-999	74
3	yu1	circle	4	0.3	-1	3 	 2.37600747445009 	 3 	 1.0	0.0	3.0	0	-1	1	-1	0.0	-999	-999	2.0328 	2.7016 	-999	-999	1.747 	2.6008 	-999	-999	2.1918 	2.9882 	-999	-999	67
4	yu1	circle	4	0.5	-1	3 	 2.579998239762382 	 2 	 3.0	3.0	-999.0	0	-1	1	-1	0.0	-999	-999	1.5698 	2.664 	3.4296 	-999	1.788 	2.5212 	3.7296 	-999	1.8307 	2.465 	3.9231 	-999	73
5	yu1	circle	4	0.3	-1	3 	 2.352019708161362 	 2 	 2.0	2.0	-999.0	1	-1	1	-1	-999	0.0	-999	2.2356 	3.3781 	-999	-999	2.482 	-999	-999	-999	2.1376 	3.2001 	-999	-999	66
6	yu1	circle	8	1.1	1	0 	 2.2807304747473958 	 2 	 5.0	2.0	-999.0	0	1	-1	-1	1.0	-999	-999	2.1067 	3.5183 	-999	-999	1.9417 	2.5791 	-999	-999	2.2521 	3.642 	-999	-999	125
7	yu1	circle	4	0.3	1	3 	 2.6772728661345244 	 2 	 1.0	1.0	-999.0	0	1	-1	-1	-0.0	-999	-999	1.7323 	3.0883 	-999	-999	2.1661 	3.3896 	-999	-999	2.4601 	3.5589 	-999	-999	74
8	yu1	circle	8	1.1	-1	0 	 2.550746186920702 	 2 	 3.0	2.0	3.0	2	-1	1	-1	-999	-999	3.0	1.5292 	2.3259 	3.7415 	-999	2.287 	3.7159 	-999	-999	1.7005 	2.5668 	3.1781 	-999	139
9	yu1	circle	8	0.7	-1	3 	 2.7249234043076487 	 2 	 7.0	5.0	-999.0	1	-1	1	-1	-999	-0.0	-999	1.6781 	2.5013 	3.9581 	-999	1.9042 	2.9379 	-999	-999	2.4373 	3.7901 	-999	-999	148
10	yu1	circle	4	0.5	1	3 	 2.171602625717349 	 2 	 3.0	3.0	0.0	0	1	-1	-1	0.0	-999	-999	2.2742 	-999	-999	-999	2.3955 	-999	-999	-999	2.0282 	2.8223 	-999	-999	59
11	yu1	circle	4	0.5	1	3 	 2.449827737200128 	 3 	 1.0	3.0	2.0	1	1	-1	-1	-999	0.0	-999	1.6077 	2.1127 	3.0406 	-999	2.2922 	3.3089 	-999	-999	1.6423 	2.5956 	-999	-999	69
12	yu1	circle	8	0.7	-1	3 	 2.00314088615604 	 3 	 1.0	7.0	5.0	1	-1	1	-1	-999	0.0	-999	2.2017 	-999	-999	-999	2.1777 	-999	-999	-999	1.8591 	2.9986 	-999	-999	110
13	yu1	circle	8	1.1	-1	0 	 2.1034896510902517 	 3 	 2.0	3.0	3.0	2	-1	1	-1	-999	-999	2.0	1.9757 	3.0473 	-999	-999	2.2805 	-999	-999	-999	2.0793 	2.9586 	-999	-999	116
14	yu1	circle	8	1.1	1	3 	 2.430452893439691 	 3 	 1.0	1.0	7.0	0	1	-1	-1	-0.0	-999	-999	1.5053 	2.8615 	-999	-999	1.84 	3.1683 	-999	-999	2.2312 	2.978 	-999	-999	133
15	yu1	circle	8	0.7	1	3 	 2.6274434034612457 	 2 	 3.0	5.0	-999.0	0	1	-1	-1	-0.0	-999	-999	1.7848 	3.1168 	-999	-999	1.7969 	2.5455 	3.6159 	-999	1.7725 	2.5459 	3.5841 	-999	143
16	yu1	circle	8	0.7	-1	3 	 2.2777637404996907 	 2 	 0.0	3.0	-999.0	0	-1	1	-1	0.0	-999	-999	1.7686 	2.3458 	2.8804 	-999	2.2154 	3.3902 	-999	-999	2.1337 	3.4333 	-999	-999	125
17	yu1	circle	4	0.3	1	3 	 2.1239370073004755 	 2 	 1.0	2.0	0.0	2	1	-1	-1	-999	-999	0.0	2.137 	2.8259 	-999	-999	2.1097 	3.133 	-999	-999	1.7408 	3.076 	-999	-999	59
18	yu1	circle	4	0.5	-1	3 	 2.7742824365139205 	 2 	 0.0	3.0	1.0	2	-1	1	-1	-999	-999	0.0	1.6021 	3.1012 	-999	-999	2.2079 	3.0788 	-999	-999	2.3999 	3.4253 	-999	-999	78
19	yu1	circle	8	1.1	1	0 	 2.12296757605034 	 3 	 6.0	0.0	0.0	2	1	-1	-1	-999	-999	-1.0	1.7306 	3.1211 	-999	-999	2.3608 	-999	-999	-999	2.4897 	-999	-999	-999	116
20	yu1	circle	4	0.5	-1	3 	 2.3434559434806843 	 3 	 2.0	0.0	0.0	0	-1	1	-1	-0.0	-999	-999	2.4345 	3.8214 	-999	-999	1.5348 	2.6358 	-999	-999	1.961 	2.9679 	-999	-999	66
21	yu1	circle	8	1.1	1	3 	 2.4491556683464597 	 2 	 4.0	0.0	3.0	0	1	-1	-1	0.0	-999	-999	1.5526 	2.3225 	3.2905 	-999	2.1212 	2.8851 	-999	-999	1.6993 	2.4417 	3.7436 	-999	134
22	yu1	circle	4	0.5	1	3 	 2.391334515037208 	 3 	 3.0	0.0	0.0	0	1	-1	-1	0.0	-999	-999	2.412 	3.6211 	-999	-999	2.2602 	3.061 	-999	-999	1.791 	2.4897 	3.4091 	-999	67
23	yu1	circle	4	0.3	-1	3 	 2.3698679985389584 	 3 	 3.0	3.0	2.0	0	-1	1	-1	-0.0	-999	-999	2.381 	3.6721 	-999	-999	2.0964 	2.908 	-999	-999	2.0024 	3.3093 	-999	-999	67
24	yu1	circle	4	0.3	1	3 	 2.2048603622925476 	 3 	 3.0	0.0	2.0	2	1	-1	-1	-999	-999	0.0	1.8166 	2.42 	-999	-999	1.9718 	2.9203 	-999	-999	1.6307 	3.0662 	-999	-999	62
25	yu1	circle	8	1.1	-1	0 	 2.151031410814465 	 2 	 4.0	2.0	4.0	1	-1	1	-1	-999	-2.0	-999	1.8429 	2.6811 	-999	-999	1.5991 	2.5629 	-999	-999	1.5981 	2.7891 	-999	-999	117
26	yu1	circle	8	0.7	-1	3 	 2.3147844322060154 	 3 	 4.0	2.0	2.0	1	-1	1	-1	-999	-0.0	-999	2.2778 	3.2738 	-999	-999	2.3056 	3.1681 	-999	-999	1.7668 	2.5102 	-999	-999	128
27	yu1	circle	8	1.1	-1	3 	 2.1744273999074486 	 3 	 4.0	5.0	7.0	1	-1	1	-1	-999	0.0	-999	2.3619 	-999	-999	-999	2.4993 	-999	-999	-999	1.9869 	2.7625 	-999	-999	120
28	yu1	circle	8	0.7	1	0 	 2.6828428037366545 	 2 	 0.0	4.0	1.0	1	1	-1	-1	-999	-1.0	-999	2.3029 	2.8459 	-999	-999	2.3573 	3.3551 	-999	-999	1.5287 	2.0851 	3.2611 	-999	147
29	yu1	circle	8	0.7	1	0 	 2.092697063153801 	 3 	 1.0	6.0	0.0	2	1	-1	-1	-999	-999	1.0	1.5779 	2.528 	-999	-999	2.0098 	3.3031 	-999	-999	1.6177 	2.874 	-999	-999	115
30	yu1	circle	4	0.3	-1	3 	 2.267229352462566 	 2 	 1.0	2.0	0.0	2	-1	1	-1	-999	-999	-0.0	1.9687 	3.1391 	-999	-999	1.6 	2.8278 	-999	-999	2.2694 	3.1525 	-999	-999	63
31	yu1	circle	4	0.5	1	3 	 2.2479472535778298 	 2 	 3.0	3.0	0.0	2	1	-1	-1	-999	-999	0.0	1.9643 	2.9308 	-999	-999	2.0119 	2.6949 	-999	-999	1.8274 	2.4245 	-999	-999	63
32	yu1	circle	8	1.1	1	0 	 2.0661872560489725 	 3 	 3.0	1.0	6.0	2	1	-1	-1	-999	-999	3.0	2.4877 	-999	-999	-999	1.7361 	2.5803 	-999	-999	1.6137 	2.7785 	-999	-999	113
33	yu1	circle	8	1.1	-1	0 	 2.468172508555729 	 3 	 6.0	0.0	3.0	2	-1	1	-1	-999	-999	-2.0	1.7492 	3.0597 	-999	-999	2.0406 	2.9819 	-999	-999	1.621 	2.4136 	2.9884 	-999	134
34	yu1	circle	4	0.5	-1	3 	 2.227463280339999 	 2 	 2.0	3.0	0.0	0	-1	1	-1	0.0	-999	-999	2.055 	2.8009 	-999	-999	2.1539 	3.5767 	-999	-999	2.0467 	3.3249 	-999	-999	62
35	yu1	circle	8	0.7	1	0 	 2.1840731447896733 	 3 	 4.0	4.0	6.0	2	1	-1	-1	-999	-999	1.0	2.1786 	3.4775 	-999	-999	2.4178 	-999	-999	-999	1.9446 	2.4817 	-999	-999	119
36	yu1	circle	4	0.5	1	3 	 2.7969931024241084 	 2 	 0.0	1.0	0.0	1	1	-1	-1	-999	0.0	-999	2.4581 	3.8318 	-999	-999	2.091 	3.398 	-999	-999	2.2628 	3.7592 	-999	-999	79
37	yu1	circle	8	1.1	1	0 	 2.7845621352991556 	 2 	 0.0	4.0	4.0	1	1	-1	-1	-999	3.0	-999	1.8726 	3.3026 	-999	-999	2.1322 	3.4837 	-999	-999	2.0144 	3.3517 	-999	-999	153
38	yu1	circle	8	0.7	-1	0 	 2.5398574595847703 	 2 	 0.0	0.0	4.0	2	-1	1	-1	-999	-999	-1.0	2.3782 	3.3591 	-999	-999	1.6196 	2.5828 	3.1556 	-999	1.8467 	2.3575 	3.7419 	-999	139
39	yu1	circle	4	0.5	1	3 	 2.11870043987939 	 3 	 2.0	0.0	2.0	0	1	-1	-1	0.0	-999	-999	2.4001 	-999	-999	-999	1.5592 	2.6952 	-999	-999	1.8826 	3.3282 	-999	-999	41
40	yu1	circle	8	0.7	1	0 	 2.3542484185095285 	 2 	 0.0	6.0	4.0	0	1	-1	-1	1.0	-999	-999	2.388 	3.7495 	-999	-999	1.801 	3.2893 	-999	-999	1.6411 	2.7471 	-999	-999	122
41	yu1	circle	8	0.7	-1	3 	 2.73540637888846 	 3 	 5.0	3.0	3.0	1	-1	1	-1	-999	-0.0	-999	1.7857 	3.0895 	-999	-999	1.9451 	2.7452 	3.8806 	-999	1.8131 	2.3822 	3.7215 	-999	139
42	yu1	circle	8	1.1	-1	0 	 2.2715276489059395 	 2 	 2.0	4.0	4.0	0	-1	1	-1	1.0	-999	-999	2.3902 	-999	-999	-999	2.065 	3.3977 	-999	-999	1.675 	3.0494 	-999	-999	117
43	yu1	circle	4	0.3	-1	3 	 2.503286802017393 	 2 	 1.0	3.0	0.0	0	-1	1	-1	0.0	-999	-999	1.7372 	2.6769 	-999	-999	2.3104 	3.3764 	-999	-999	1.7835 	2.8217 	-999	-999	65
44	yu1	circle	4	0.5	-1	3 	 2.7524004127316806 	 3 	 1.0	1.0	1.0	2	-1	1	-1	-999	-999	0.0	2.192 	2.7806 	3.3742 	-999	2.1998 	2.7732 	4.1637 	-999	1.8621 	3.222 	-999	-999	78
45	yu1	circle	4	0.3	1	3 	 2.586196891909914 	 2 	 3.0	0.0	0.0	0	1	-1	-1	-0.0	-999	-999	1.7773 	2.7831 	-999	-999	2.1462 	2.6705 	3.9237 	-999	2.2719 	3.1226 	-999	-999	72
46	yu1	circle	4	0.3	1	3 	 2.4632776149462883 	 3 	 3.0	1.0	0.0	0	1	-1	-1	-0.0	-999	-999	1.747 	2.7872 	-999	-999	2.259 	3.2643 	-999	-999	2.2186 	3.0764 	-999	-999	68
47	yu1	circle	4	0.3	-1	3 	 2.264278706318624 	 3 	 3.0	1.0	2.0	2	-1	1	-1	-999	-999	-0.0	2.4785 	-999	-999	-999	1.5143 	2.3697 	-999	-999	2.4783 	-999	-999	-999	61
48	yu1	circle	4	0.3	1	3 	 2.0028828833494057 	 2 	 2.0	3.0	0.0	1	1	-1	-1	-999	-0.0	-999	1.5997 	2.4453 	-999	-999	2.3169 	-999	-999	-999	1.8184 	2.767 	-999	-999	54
49	yu1	circle	4	0.3	-1	3 	 2.2687292892567603 	 2 	 0.0	2.0	0.0	1	-1	1	-1	-999	-0.0	-999	2.0463 	3.2842 	-999	-999	1.5984 	2.4398 	-999	-999	1.9827 	2.8362 	-999	-999	63
50	yu1	circle	8	1.1	-1	0 	 2.7903593439505507 	 3 	 1.0	3.0	1.0	0	-1	1	-1	1.0	-999	-999	2.4989 	3.6891 	-999	-999	2.4186 	3.7264 	-999	-999	1.7895 	2.5915 	3.5102 	-999	154
51	yu1	circle	8	0.7	-1	0 	 2.355781329537196 	 2 	 4.0	6.0	0.0	2	-1	1	-1	-999	-999	3.0	2.4194 	3.8429 	-999	-999	1.6443 	2.7239 	-999	-999	1.6352 	2.1603 	3.6279 	-999	128
52	yu1	circle	8	0.7	-1	0 	 2.7726222429755687 	 3 	 0.0	5.0	1.0	2	-1	1	-1	-999	-999	-1.0	2.4958 	3.7731 	-999	-999	1.6527 	2.6968 	3.4889 	-999	1.7328 	2.2379 	3.4001 	-999	152
53	yu1	circle	4	0.5	1	3 	 2.0654650982519067 	 3 	 3.0	1.0	0.0	0	1	-1	-1	-0.0	-999	-999	1.7339 	2.864 	-999	-999	2.3709 	-999	-999	-999	2.0706 	3.0504 	-999	-999	57
54	yu1	circle	8	1.1	-1	0 	 2.0748039982663458 	 2 	 2.0	4.0	4.0	2	-1	1	-1	-999	-999	1.0	1.8789 	2.5023 	-999	-999	1.6126 	3.0405 	-999	-999	1.5562 	2.665 	-999	-999	114
55	yu1	circle	8	0.7	1	3 	 2.2373653393940884 	 2 	 3.0	6.0	4.0	0	1	-1	-1	0.0	-999	-999	2.2911 	2.8092 	-999	-999	1.5226 	2.9599 	-999	-999	1.871 	3.309 	-999	-999	123
56	yu1	circle	4	0.5	-1	3 	 2.1910153709743327 	 3 	 3.0	0.0	0.0	2	-1	1	-1	-999	-999	0.0	2.1014 	2.6407 	-999	-999	2.1631 	2.7543 	-999	-999	1.8359 	2.9038 	-999	-999	60
57	yu1	circle	4	0.5	-1	3 	 2.0846854899791993 	 2 	 3.0	3.0	0.0	0	-1	1	-1	0.0	-999	-999	2.0762 	2.9469 	-999	-999	1.9211 	3.3452 	-999	-999	1.8638 	2.4033 	-999	-999	59
58	yu1	circle	8	1.1	1	0 	 2.626520415908066 	 3 	 2.0	0.0	4.0	0	1	-1	-1	-4.0	-999	-999	1.851 	3.1344 	-999	-999	2.4301 	3.0421 	-999	-999	2.1185 	3.1626 	-999	-999	145
59	yu1	circle	4	0.3	1	3 	 2.4736814447360684 	 3 	 2.0	3.0	3.0	0	1	-1	-1	-0.0	-999	-999	2.3407 	3.2098 	-999	-999	2.1067 	2.7456 	-999	-999	2.2689 	3.5998 	-999	-999	69
60	yu1	circle	8	1.1	1	3 	 2.678614082810128 	 2 	 2.0	7.0	6.0	1	1	-1	-1	-999	0.0	-999	1.7963 	2.8867 	-999	-999	2.269 	3.1851 	-999	-999	1.6861 	2.5658 	3.2986 	-999	145
61	yu1	circle	8	0.7	1	0 	 2.456922369190945 	 3 	 5.0	5.0	5.0	1	1	-1	-1	-999	3.0	-999	2.1367 	3.1075 	-999	-999	2.2663 	3.2874 	-999	-999	2.1015 	2.7836 	-999	-999	134
62	yu1	circle	4	0.5	1	3 	 2.308395424676081 	 2 	 3.0	2.0	1.0	1	1	-1	-1	-999	0.0	-999	1.9126 	3.171 	-999	-999	1.8423 	3.2554 	-999	-999	2.0982 	3.1951 	-999	-999	63
63	yu1	circle	4	0.3	-1	3 	 2.2561850716720895 	 3 	 1.0	2.0	2.0	2	-1	1	-1	-999	-999	0.0	1.649 	3.0734 	-999	-999	2.1945 	3.3931 	-999	-999	1.9261 	3.4225 	-999	-999	62
64	yu1	circle	8	1.1	-1	3 	 2.2421179698226945 	 3 	 5.0	3.0	5.0	0	-1	1	-1	0.0	-999	-999	1.8477 	3.0529 	-999	-999	1.7249 	2.7434 	-999	-999	1.5806 	2.7631 	-999	-999	123
65	yu1	circle	8	1.1	1	0 	 2.354955568734752 	 3 	 3.0	7.0	2.0	2	1	-1	-1	-999	-999	-1.0	2.0218 	3.4044 	-999	-999	1.6771 	2.3516 	3.4108 	-999	2.4545 	3.8026 	-999	-999	129
66	yu1	circle	4	0.5	-1	3 	 2.311548530147748 	 2 	 0.0	0.0	1.0	1	-1	1	-1	-999	-0.0	-999	2.5 	-999	-999	-999	2.1958 	3.591 	-999	-999	2.258 	3.7072 	-999	-999	61
67	yu1	circle	4	0.3	-1	3 	 2.7676392389826923 	 3 	 2.0	0.0	1.0	1	-1	1	-1	-999	-0.0	-999	1.6698 	2.4272 	3.2609 	-999	1.711 	2.7878 	3.7141 	-999	1.9351 	2.6316 	3.1554 	-999	77
68	yu1	circle	8	0.7	-1	0 	 2.4512263403353507 	 3 	 4.0	5.0	3.0	2	-1	1	-1	-999	-999	3.0	1.7058 	3.1061 	-999	-999	1.7335 	2.2373 	2.9057 	-999	2.4966 	3.3847 	-999	-999	134
69	yu1	circle	8	1.1	1	0 	 2.0041186116999636 	 2 	 2.0	1.0	6.0	2	1	-1	-1	-999	-999	2.0	2.2849 	-999	-999	-999	2.2543 	-999	-999	-999	1.7062 	2.9982 	-999	-999	109
70	yu1	circle	4	0.5	1	3 	 2.2018088705171075 	 3 	 1.0	0.0	1.0	0	1	-1	-1	-0.0	-999	-999	1.6808 	2.3454 	-999	-999	1.7065 	2.7316 	-999	-999	1.6287 	3.0809 	-999	-999	59
71	yu1	circle	8	0.7	1	3 	 2.763879434293083 	 2 	 5.0	6.0	0.0	2	1	-1	-1	-999	-999	-0.0	1.5947 	2.2808 	3.317 	-999	2.0333 	3.2612 	-999	-999	1.9179 	2.4812 	3.9673 	-999	150
72	yu1	circle	4	0.3	1	3 	 2.192927708937327 	 3 	 0.0	1.0	3.0	0	1	-1	-1	-0.0	-999	-999	1.8283 	2.3702 	-999	-999	1.6337 	2.3258 	-999	-999	1.8162 	3.1697 	-999	-999	60
73	yu1	circle	4	0.5	1	3 	 2.3457471517577115 	 2 	 1.0	0.0	1.0	0	1	-1	-1	-0.0	-999	-999	1.6985 	2.4842 	-999	-999	2.037 	3.2072 	-999	-999	1.5433 	2.2198 	3.0523 	-999	63
74	yu1	circle	8	0.7	-1	3 	 2.262301956703764 	 2 	 7.0	6.0	2.0	2	-1	1	-1	-999	-999	-0.0	2.3025 	3.6781 	-999	-999	1.7097 	3.0746 	-999	-999	2.3297 	3.0309 	-999	-999	123
75	yu1	circle	8	0.7	1	0 	 2.4751498210711613 	 3 	 4.0	2.0	5.0	0	1	-1	-1	1.0	-999	-999	2.3979 	3.4592 	-999	-999	2.4191 	3.5664 	-999	-999	2.197 	3.1103 	-999	-999	135
76	yu1	circle	4	0.3	1	3 	 2.3041745664829567 	 2 	 0.0	2.0	2.0	1	1	-1	-1	-999	0.0	-999	1.7153 	2.4677 	-999	-999	1.8338 	2.7572 	-999	-999	2.0822 	2.9786 	-999	-999	58
77	yu1	circle	4	0.5	-1	3 	 2.589596427687272 	 3 	 1.0	0.0	3.0	1	-1	1	-1	-999	-0.0	-999	1.6005 	2.9166 	-999	-999	1.7038 	2.7687 	-999	-999	1.5806 	2.1447 	3.371 	-999	67
78	yu1	circle	4	0.3	-1	3 	 2.287925556993774 	 2 	 0.0	1.0	1.0	2	-1	1	-1	-999	-999	-0.0	1.5643 	2.9327 	-999	-999	2.4963 	-999	-999	-999	2.3486 	2.9196 	-999	-999	54
79	yu1	circle	8	1.1	-1	3 	 2.314871125396909 	 2 	 2.0	1.0	5.0	0	-1	1	-1	0.0	-999	-999	1.8722 	2.654 	-999	-999	1.9113 	2.6786 	-999	-999	2.1695 	3.1134 	-999	-999	118
